1 823
2 931
3 616
4 220
5 804
6 474
7 308
8 638
9 744
10 321
11 59
12 538
13 450
14 913
15 552
16 339
17 657
18 151
19 579
20 734
21 802
22 267
23 339
24 213
25 748
26 432
27 706
28 367
29 173
30 550
31 567
32 203
33 772
34 531
35 772
36 39
37 746
38 200
39 841
40 673
41 686
42 618
43 864
44 495
45 66
46 725
47 448
48 370
49 868
50 266
51 48
52 540
53 247
54 396
55 386
56 457
57 357
58 213
59 537
60 694
61 400
62 457
63 540
64 198
65 106
66 432
67 403
68 120
69 176
70 885
71 382
72 311
73 737
74 827
75 357
76 177
77 638
78 755
79 306
80 285
81 357
82 6
83 577
84 663
85 474
86 740
87 158
88 147
89 361
90 474
91 694
92 457
93 935
94 276
95 846
96 908
97 70
98 208
99 294
100 673
101 357
102 435
103 386
104 717
105 775
106 65
107 282
108 678
109 276
110 487
111 171
112 616
113 173
114 645
115 296
116 464
117 251
118 776
119 486
120 68
121 430
122 615
123 383
124 778
125 87
126 784
127 816
128 716
129 720
130 682
131 460
132 420
133 384
134 205
135 72
136 558
137 251
138 821
139 834
140 740
141 872
142 319
143 166
144 59
145 592
146 673
147 171
148 215
149 673
150 470
151 18
152 593
153 96
154 875
155 791
156 686
157 277
158 87
159 938
160 214
161 360
162 501
163 616
164 396
165 529
166 143
167 426
168 552
169 91
170 510
171 775
172 744
173 853
174 314
175 538
176 501
177 629
178 749
179 515
180 899
181 733
182 703
183 638
184 840
185 735
186 332
187 354
188 823
189 60
190 905
191 616
192 714
193 178
194 311
195 70
196 306
197 826
198 64
199 743
200 864
201 308
202 902
203 32
204 47
205 134
206 515
207 178
208 98
209 131
210 643
211 615
212 185
213 44
214 6
215 694
216 453
217 619
218 315
219 40
220 687
221 880
222 864
223 168
224 721
225 494
226 573
227 735
228 827
229 611
230 716
231 935
232 867
233 881
234 474
235 527
236 788
237 465
238 438
239 932
240 687
241 920
242 93
243 106
244 916
245 689
246 727
247 53
248 177
249 715
250 663
251 137
252 906
253 538
254 815
255 422
256 332
257 884
258 646
259 117
260 841
261 400
262 378
263 488
264 315
265 703
266 874
267 394
268 276
269 308
270 455
271 474
272 686
273 915
274 714
275 807
276 94
277 569
278 611
279 276
280 311
281 589
282 107
283 476
284 611
285 834
286 804
287 32
288 391
289 792
290 882
291 399
292 862
293 561
294 624
295 373
296 854
297 44
298 694
299 308
300 510
301 886
302 509
303 276
304 816
305 561
306 79
307 748
308 7
309 427
310 247
311 194
312 18
313 311
314 130
315 218
316 233
317 772
318 301
319 611
320 757
321 10
322 573
323 296
324 526
325 766
326 313
327 308
328 788
329 464
330 716
331 535
332 178
333 329
334 474
335 616
336 715
337 582
338 321
339 716
340 850
341 511
342 58
343 308
344 178
345 378
346 892
347 301
348 938
349 81
350 890
351 755
352 421
353 784
354 18
355 408
356 673
357 101
358 585
359 817
360 875
361 10
362 820
363 293
364 926
365 63
366 604
367 814
368 709
369 350
370 48
371 786
372 367
373 311
374 378
375 372
376 888
377 752
378 94
379 738
380 848
381 189
382 875
383 553
384 827
385 308
386 714
387 561
388 74
389 716
390 427
391 862
392 480
393 682
394 267
395 231
396 164
397 710
398 407
399 301
400 755
401 716
402 658
403 722
404 112
405 774
406 308
407 650
408 898
409 537
410 112
411 746
412 686
413 324
414 511
415 832
416 222
417 727
418 133
419 338
420 558
421 352
422 367
423 784
424 703
425 804
426 694
427 140
428 784
429 846
430 402
431 791
432 66
433 926
434 357
435 864
436 618
437 184
438 672
439 150
440 898
441 834
442 394
443 33
444 133
445 294
446 529
447 178
448 47
449 257
450 308
451 489
452 18
453 632
454 716
455 178
456 551
457 92
458 592
459 57
460 733
461 791
462 510
463 460
464 743
465 237
466 709
467 730
468 18
469 553
470 150
471 620
472 311
473 460
474 271
475 720
476 283
477 904
478 632
479 198
480 421
481 361
482 832
483 44
484 290
485 616
486 624
487 864
488 716
489 451
490 582
491 420
492 781
493 521
494 594
495 545
496 215
497 268
498 339
499 213
500 345
501 432
502 404
503 18
504 749
505 536
506 846
507 863
508 538
509 302
510 853
511 341
512 820
513 137
514 343
515 673
516 594
517 895
518 141
519 489
520 205
521 823
522 272
523 354
524 474
525 938
526 324
527 6
528 748
529 451
530 96
531 772
532 416
533 271
534 190
535 18
536 892
537 59
538 629
539 538
540 63
541 712
542 64
543 343
544 772
545 495
546 366
547 574
548 459
549 403
550 580
551 417
552 580
553 312
554 764
555 403
556 155
557 324
558 420
559 686
560 294
561 293
562 632
563 103
564 674
565 585
566 301
567 932
568 409
569 277
570 173
571 753
572 791
573 527
574 720
575 691
576 402
577 311
578 510
579 748
580 552
581 794
582 141
583 14
584 596
585 565
586 757
587 616
588 378
589 281
590 906
591 264
592 889
593 178
594 678
595 141
596 687
597 770
598 515
599 552
600 826
601 198
602 935
603 215
604 366
605 764
606 178
607 237
608 339
609 365
610 835
611 171
612 703
613 96
614 703
615 527
616 112
617 264
618 864
619 217
620 577
621 497
622 864
623 411
624 697
625 848
626 589
627 328
628 147
629 538
630 251
631 589
632 64
633 850
634 938
635 324
636 837
637 634
638 746
639 878
640 484
641 322
642 417
643 804
644 141
645 60
646 258
647 850
648 804
649 549
650 7
651 47
652 400
653 109
654 178
655 537
656 574
657 17
658 402
659 474
660 109
661 823
662 79
663 493
664 823
665 447
666 840
667 608
668 673
669 567
670 321
671 757
672 438
673 149
674 879
675 866
676 134
677 540
678 108
679 786
680 17
681 515
682 429
683 284
684 690
685 570
686 41
687 240
688 589
689 793
690 749
691 575
692 579
693 474
694 60
695 220
696 408
697 624
698 899
699 936
700 352
701 827
702 598
703 265
704 409
705 757
706 549
707 184
708 141
709 267
710 397
711 618
712 95
713 784
714 265
715 738
716 840
717 104
718 935
719 65
720 574
721 587
722 403
723 809
724 863
725 743
726 714
727 417
728 722
729 589
730 467
731 253
732 926
733 460
734 850
735 540
736 858
737 73
738 394
739 785
740 140
741 215
742 108
743 464
744 74
745 72
746 638
747 716
748 899
749 429
750 544
751 407
752 611
753 391
754 66
755 400
756 70
757 64
758 303
759 66
760 725
761 703
762 136
763 18
764 554
765 794
766 815
767 698
768 438
769 75
770 624
771 23
772 317
773 456
774 267
775 171
776 118
777 629
778 124
779 879
780 91
781 41
782 489
783 511
784 841
785 739
786 42
787 428
788 328
789 703
790 497
791 173
792 289
793 938
794 765
795 660
796 450
797 482
798 393
799 47
800 879
801 812
802 21
803 755
804 308
805 457
806 479
807 749
808 146
809 356
810 732
811 856
812 827
813 724
814 367
815 618
816 529
817 941
818 827
819 574
820 105
821 935
822 865
823 864
824 170
825 294
826 600
827 356
828 585
829 884
830 545
831 74
832 317
833 308
834 526
835 610
836 47
837 590
838 654
839 540
840 716
841 784
842 191
843 7
844 705
845 284
846 474
847 230
848 694
849 20
850 734
851 130
852 513
853 510
854 296
855 565
856 589
857 400
858 784
859 674
860 574
861 884
862 59
863 724
864 435
865 822
866 111
867 44
868 373
869 45
870 474
871 619
872 141
873 205
874 266
875 239
876 836
877 361
878 639
879 674
880 303
881 897
882 290
883 18
884 861
885 70
886 301
887 897
888 376
889 592
890 350
891 935
892 308
893 582
894 354
895 517
896 435
897 881
898 408
899 64
900 227
901 897
902 464
903 666
904 477
905 190
906 634
907 274
908 96
909 861
910 251
911 230
912 731
913 867
914 89
915 775
916 94
917 277
918 615
919 486
920 241
921 42
922 215
923 793
924 538
925 366
926 171
927 705
928 36
929 96
930 935
931 413
932 312
933 643
934 18
935 891
936 486
937 558
938 634
939 935
940 10
941 817
942 91
943 109
