1 7
2 393
3 92
4 655
5 234
6 279
7 276
8 393
9 276
10 13
11 7
12 234
13 7
14 13
15 276
16 59
17 92
18 1366
19 13
20 13
21 393
22 234
23 474
24 7
25 7
26 655
27 92
28 234
29 94
30 59
31 234
32 92
33 92
34 796
35 94
36 796
37 537
38 393
39 92
40 393
41 94
42 655
43 94
44 234
45 59
46 92
47 655
48 655
49 393
50 7
51 655
52 655
53 92
54 393
55 92
56 234
57 59
58 655
59 474
60 59
61 59
62 393
63 94
64 655
65 655
66 393
67 94
68 393
69 234
70 655
71 393
72 393
73 393
74 130
75 537
76 92
77 393
78 94
79 234
80 94
81 655
82 234
83 655
84 94
85 393
86 655
87 655
88 393
89 234
90 393
91 655
92 655
93 13
94 393
95 393
96 234
97 234
98 234
99 655
100 7
101 94
102 393
103 758
104 1366
105 94
106 846
107 279
108 13
109 7
110 94
111 7
112 758
113 59
114 474
115 130
116 13
117 7
118 7
119 279
120 94
121 7
122 393
123 7
124 13
125 7
126 276
127 7
128 92
129 7
130 846
131 378
132 234
133 234
134 474
135 474
136 474
137 13
138 758
139 94
140 378
141 416
142 378
143 655
144 234
145 94
146 130
147 7
148 7
149 92
150 7
151 7
152 474
153 655
154 655
155 393
156 234
157 655
158 94
159 393
160 92
161 393
162 655
163 474
164 234
165 59
166 59
167 94
168 655
169 474
170 59
171 59
172 234
173 655
174 234
175 474
176 234
177 474
178 474
179 474
180 474
181 7
182 234
183 234
184 92
185 234
186 655
187 234
188 655
189 655
190 474
191 655
192 474
193 474
194 474
195 234
196 655
197 474
198 474
199 474
200 234
201 92
202 393
203 234
204 655
205 474
206 474
207 59
208 393
209 474
210 655
211 474
212 59
213 59
214 655
215 655
216 655
217 234
218 234
219 234
220 846
221 13
222 7
223 234
224 59
225 393
226 393
227 393
228 234
229 393
230 234
231 393
232 92
233 393
234 655
235 7
236 13
237 7
238 655
239 393
240 7
241 393
242 303
243 682
244 13
245 7
246 13
247 758
248 276
249 7
250 7
251 13
252 7
253 13
254 393
255 276
256 279
257 7
258 7
259 682
260 682
261 880
262 303
263 308
264 682
265 234
266 308
267 92
268 303
269 303
270 303
271 7
272 303
273 7
274 276
275 276
276 7
277 13
278 846
279 13
280 846
281 7
282 7
283 13
284 276
285 13
286 276
287 13
288 7
289 276
290 393
291 276
292 880
293 276
294 7
295 276
296 279
297 303
298 7
299 880
300 7
301 303
302 303
303 59
304 303
305 303
306 303
307 682
308 880
309 308
310 682
311 303
312 303
313 7
314 308
315 303
316 303
317 655
318 655
319 303
320 429
321 303
322 303
323 7
324 7
325 682
326 303
327 303
328 7
329 682
330 880
331 303
332 682
333 7
334 682
335 880
336 682
337 308
338 682
339 682
340 303
341 537
342 682
343 682
344 303
345 303
346 682
347 303
348 682
349 308
350 682
351 308
352 682
353 308
354 682
355 682
356 393
357 474
358 7
359 308
360 308
361 308
362 303
363 92
364 94
365 378
366 378
367 655
368 758
369 92
370 758
371 378
372 537
373 450
374 450
375 796
376 796
377 796
378 393
379 92
380 393
381 655
382 655
383 94
384 94
385 393
386 94
387 378
388 94
389 416
390 804
391 94
392 393
393 94
394 804
395 94
396 393
397 450
398 450
399 94
400 416
401 94
402 393
403 393
404 393
405 7
406 758
407 94
408 7
409 393
410 7
411 393
412 94
413 758
414 474
415 796
416 378
417 393
418 393
419 393
420 393
421 655
422 393
423 655
424 758
425 655
426 92
427 474
428 655
429 474
430 474
431 655
432 393
433 655
434 429
435 474
436 234
437 758
438 758
439 758
440 758
441 234
442 804
443 234
444 429
445 429
446 537
447 234
448 234
449 450
450 94
451 393
452 234
453 758
454 537
455 7
456 94
457 308
458 276
459 537
460 13
461 92
462 59
463 59
464 59
465 393
466 59
467 92
468 655
469 92
470 393
471 7
472 7
473 13
474 234
475 7
476 13
477 7
478 474
479 474
480 474
481 474
482 474
483 474
484 474
485 378
486 378
487 378
488 474
489 474
490 474
491 429
492 474
493 429
494 429
495 378
496 474
497 474
498 474
499 378
500 378
501 393
502 474
503 474
504 234
505 474
506 474
507 474
508 7
509 655
510 234
511 474
512 59
513 474
514 474
515 7
516 474
517 474
518 92
519 474
520 474
521 474
522 537
523 474
524 474
525 474
526 429
527 474
528 474
529 59
530 474
531 655
532 846
533 59
534 130
535 846
536 308
537 92
538 682
539 682
540 450
541 94
542 94
543 537
544 92
545 450
546 7
547 92
548 537
549 393
550 393
551 450
552 450
553 378
554 94
555 537
556 537
557 537
558 59
559 393
560 378
561 393
562 450
563 758
564 234
565 416
566 234
567 758
568 393
569 393
570 92
571 94
572 92
573 429
574 537
575 94
576 94
577 94
578 94
579 537
580 94
581 92
582 655
583 92
584 378
585 94
586 94
587 537
588 393
589 429
590 758
591 276
592 416
593 537
594 537
595 276
596 393
597 7
598 1366
599 537
600 537
601 429
602 378
603 474
604 474
605 429
606 429
607 59
608 429
609 378
610 474
611 429
612 429
613 429
614 474
615 474
616 429
617 429
618 416
619 276
620 846
621 416
622 416
623 94
624 450
625 393
626 537
627 393
628 7
629 393
630 416
631 655
632 429
633 378
634 537
635 450
636 234
637 234
638 59
639 59
640 474
641 429
642 655
643 537
644 537
645 537
646 429
647 474
648 378
649 429
650 474
651 655
652 59
653 429
654 474
655 234
656 59
657 474
658 655
659 474
660 655
661 429
662 429
663 474
664 59
665 393
666 537
667 537
668 758
669 758
670 429
671 429
672 234
673 234
674 393
675 429
676 276
677 537
678 7
679 393
680 308
681 682
682 880
683 308
684 655
685 7
686 92
687 682
688 880
689 682
690 303
691 308
692 393
693 92
694 59
695 59
696 13
697 92
698 537
699 378
700 796
701 130
702 59
703 279
704 59
705 474
706 758
707 59
708 655
709 655
710 655
711 59
712 94
713 13
714 59
715 655
716 393
717 7
718 279
719 94
720 94
721 92
722 94
723 537
724 655
725 537
726 796
727 378
728 94
729 655
730 59
731 94
732 393
733 59
734 94
735 655
736 378
737 655
738 94
739 393
740 13
741 13
742 7
743 758
744 13
745 429
746 655
747 655
748 7
749 308
750 303
751 7
752 682
753 59
754 303
755 393
756 393
757 537
758 450
759 804
760 758
761 92
762 13
763 393
764 846
765 796
766 279
767 758
768 393
769 758
770 92
771 94
772 92
773 537
774 758
775 796
776 796
777 804
778 393
779 804
780 393
781 393
782 279
783 94
784 804
785 796
786 796
787 796
788 804
789 92
790 393
791 804
792 655
793 59
794 796
795 94
796 94
797 94
798 758
799 279
800 450
801 804
802 92
803 450
804 796
805 537
806 92
807 796
808 796
809 94
810 94
811 537
812 378
813 13
814 804
815 846
816 758
817 804
818 279
819 846
820 393
821 393
822 308
823 276
824 92
825 7
826 393
827 7
828 1366
829 846
830 804
831 7
832 846
833 92
834 758
835 429
836 429
837 429
838 758
839 758
840 450
841 92
842 416
843 378
844 279
845 276
846 276
847 59
848 279
849 92
850 130
851 308
852 804
853 758
854 758
855 59
856 537
857 308
858 758
859 758
860 758
861 308
862 804
863 59
864 13
865 59
866 393
867 279
868 279
869 796
870 1366
871 94
872 880
873 682
874 303
875 303
876 880
877 682
878 308
879 303
880 308
881 880
882 308
883 279
884 1366
885 308
886 303
887 880
888 308
889 308
890 682
891 804
892 682
893 682
894 682
895 682
896 303
897 804
898 308
899 804
900 303
901 804
902 303
903 279
904 308
905 682
906 303
907 804
908 880
909 308
910 804
911 804
912 804
913 804
914 682
915 796
916 796
917 796
918 796
919 7
920 1366
921 59
922 59
923 59
924 276
925 279
926 7
927 1366
928 7
929 378
930 393
931 758
932 94
933 308
934 846
935 279
936 303
937 303
938 308
939 92
940 94
941 378
942 92
943 92
944 796
945 474
946 393
947 92
948 682
949 393
950 130
951 378
952 13
953 59
954 59
955 59
956 59
957 308
958 59
959 393
960 59
961 59
962 59
963 59
964 59
965 378
966 378
967 416
968 378
969 393
970 59
971 59
972 537
973 416
974 846
975 846
976 1366
977 758
978 758
979 13
980 130
981 1366
982 758
983 758
984 880
985 13
986 758
987 308
988 880
989 308
990 682
991 308
992 804
993 393
994 308
995 303
996 796
997 758
998 450
999 804
1000 804
1001 1366
1002 1366
1003 758
1004 537
1005 59
1006 59
1007 13
1008 13
1009 13
1010 537
1011 13
1012 7
1013 880
1014 13
1015 130
1016 7
1017 13
1018 59
1019 92
1020 59
1021 429
1022 303
1023 880
1024 279
1025 682
1026 1366
1027 804
1028 393
1029 796
1030 758
1031 450
1032 796
1033 846
1034 758
1035 393
1036 796
1037 94
1038 880
1039 655
1040 796
1041 94
1042 450
1043 416
1044 393
1045 537
1046 796
1047 393
1048 13
1049 758
1050 429
1051 846
1052 758
1053 378
1054 796
1055 796
1056 537
1057 796
1058 378
1059 92
1060 378
1061 846
1062 308
1063 378
1064 279
1065 429
1066 416
1067 92
1068 279
1069 92
1070 92
1071 92
1072 804
1073 92
1074 393
1075 537
1076 378
1077 758
1078 393
1079 796
1080 279
1081 1366
1082 758
1083 758
1084 279
1085 1366
1086 846
1087 1366
1088 804
1089 94
1090 450
1091 393
1092 94
1093 804
1094 1366
1095 758
1096 308
1097 92
1098 92
1099 537
1100 537
1101 655
1102 1366
1103 537
1104 308
1105 682
1106 796
1107 92
1108 537
1109 92
1110 92
1111 59
1112 92
1113 92
1114 1366
1115 13
1116 416
1117 130
1118 393
1119 655
1120 279
1121 59
1122 416
1123 416
1124 416
1125 59
1126 429
1127 682
1128 1366
1129 279
1130 59
1131 537
1132 130
1133 416
1134 279
1135 537
1136 796
1137 537
1138 880
1139 94
1140 537
1141 279
1142 279
1143 880
1144 308
1145 450
1146 308
1147 537
1148 537
1149 474
1150 1366
1151 1366
1152 846
1153 537
1154 378
1155 279
1156 92
1157 450
1158 59
1159 59
1160 378
1161 1366
1162 1366
1163 846
1164 1366
1165 1366
1166 537
1167 537
1168 378
1169 537
1170 537
1171 279
1172 537
1173 1366
1174 1366
1175 308
1176 308
1177 450
1178 796
1179 796
1180 796
1181 804
1182 804
1183 796
1184 804
1185 804
1186 804
1187 1366
1188 94
1189 804
1190 804
1191 308
1192 537
1193 59
1194 59
1195 59
1196 59
1197 279
1198 1366
1199 92
1200 416
1201 59
1202 1366
1203 474
1204 474
1205 804
1206 537
1207 450
1208 92
1209 804
1210 94
1211 537
1212 846
1213 796
1214 758
1215 758
1216 758
1217 94
1218 92
1219 416
1220 92
1221 378
1222 92
1223 537
1224 537
1225 537
1226 846
1227 796
1228 94
1229 537
1230 796
1231 94
1232 796
1233 308
1234 308
1235 880
1236 880
1237 880
1238 308
1239 796
1240 92
1241 130
1242 1366
1243 308
1244 393
1245 796
1246 450
1247 804
1248 92
1249 94
1250 537
1251 279
1252 1366
1253 796
1254 130
1255 1366
1256 758
1257 758
1258 880
1259 1366
1260 537
1261 537
1262 537
1263 537
1264 804
1265 308
1266 130
1267 92
1268 537
1269 378
1270 94
1271 804
1272 1366
1273 450
1274 450
1275 308
1276 1366
1277 1366
1278 880
1279 308
1280 880
1281 279
1282 1366
1283 279
1284 880
1285 378
1286 59
1287 1366
1288 1366
1289 1366
1290 308
1291 1366
1292 308
1293 308
1294 682
1295 1366
1296 308
1297 378
1298 429
1299 429
1300 846
1301 804
1302 1366
1303 450
1304 796
1305 804
1306 308
1307 308
1308 308
1309 655
1310 655
1311 796
1312 1366
1313 303
1314 92
1315 846
1316 537
1317 1366
1318 1366
1319 1366
1320 1366
1321 1366
1322 1366
1323 1366
1324 1366
1325 1366
1326 1354
1327 1366
1328 1366
1329 1366
1330 1366
1331 1366
1332 1366
1333 1366
1334 1366
1335 1366
1336 1366
1337 1366
1338 1366
1339 1366
1340 1366
1341 1366
1342 1366
1343 1366
1344 1366
1345 1366
1346 1366
1347 1366
1348 1366
1349 1366
1350 1366
1351 1366
1352 1366
1353 1366
1354 1366
1355 1366
1356 1366
1357 1366
1358 1366
1359 1366
1360 1366
1361 1366
1362 1366
1363 1366
1364 1366
1365 1366
1366 1354
1367 1366
1368 1366
1369 1366
1370 1366
1371 1366
1372 1366
1373 1366
1374 1366
1375 279
1376 1366
1377 1366
1378 1366
1379 1366
1380 1366
1381 1366
1382 1366
1383 1366
1384 1366
1385 1366
1386 1366
1387 1366
1388 1366
1389 1366
1390 1366
1391 1366
1392 1366
1393 1366
1394 308
1395 1366
1396 59
1397 378
1398 537
1399 308
1400 279
1401 378
1402 130
1403 279
1404 59
1405 308
1406 537
1407 450
1408 450
1409 450
1410 804
1411 94
1412 450
1413 804
1414 59
1415 796
1416 796
1417 308
1418 804
1419 758
1420 279
1421 537
1422 537
1423 537
1424 537
1425 537
1426 537
1427 537
1428 537
1429 308
1430 308
1431 308
1432 308
1433 308
1434 308
1435 92
1436 880
1437 804
1438 537
1439 796
1440 378
1441 846
1442 537
1443 804
1444 416
1445 279
1446 94
1447 130
1448 279
1449 59
1450 279
1451 429
1452 279
1453 130
1454 429
1455 130
1456 279
1457 130
1458 130
1459 416
1460 279
1461 130
1462 279
1463 279
1464 308
1465 796
1466 279
1467 537
1468 537
1469 796
1470 796
1471 796
1472 130
1473 416
1474 416
1475 279
1476 450
1477 308
1478 92
1479 796
1480 416
1481 804
1482 796
1483 308
1484 804
1485 804
1486 804
1487 59
1488 804
1489 804
1490 804
1491 804
1492 804
1493 130
1494 130
1495 804
1496 804
1497 130
1498 804
1499 537
1500 804
1501 279
1502 450
1503 416
1504 537
1505 416
1506 537
1507 59
1508 846
1509 308
1510 416
1511 308
1512 537
1513 758
1514 279
1515 537
1516 537
1517 308
1518 796
1519 308
1520 846
1521 846
1522 537
1523 796
1524 130
1525 130
1526 130
1527 682
1528 308
1529 537
1530 796
1531 416
1532 796
1533 59
1534 308
1535 537
1536 429
1537 308
1538 308
1539 804
1540 378
1541 59
1542 796
1543 378
1544 308
1545 537
1546 308
1547 308
1548 308
1549 537
1550 804
1551 308
1552 308
1553 537
1554 796
1555 758
1556 308
1557 308
1558 59
1559 308
1560 796
1561 308
1562 308
1563 308
1564 308
1565 308
1566 308
1567 308
1568 308
1569 308
1570 308
1571 308
1572 308
1573 308
1574 308
1575 308
1576 308
1577 308
1578 537
1579 308
1580 308
1581 308
1582 308
1583 308
1584 308
1585 537
1586 308
1587 308
1588 308
1589 308
1590 308
1591 308
1592 308
1593 59
1594 796
1595 429
1596 429
1597 92
1598 880
1599 450
1600 308
1601 7
1602 303
1603 846
1604 59
1605 279
1606 880
1607 279
1608 880
1609 279
1610 308
1611 279
1612 308
1613 308
1614 416
1615 308
1616 59
1617 308
1618 393
1619 796
1620 308
1621 796
1622 450
1623 59
1624 308
1625 308
1626 758
1627 416
1628 279
1629 537
1630 279
1631 279
1632 279
1633 537
1634 880
1635 537
1636 279
1637 537
1638 537
1639 279
1640 279
1641 279
1642 279
1643 308
1644 880
1645 279
1646 59
1647 279
1648 796
1649 537
1650 279
1651 279
1652 308
1653 303
1654 682
1655 804
1656 796
1657 378
1658 279
1659 279
1660 416
1661 537
1662 308
1663 308
1664 308
1665 308
1666 308
1667 308
1668 308
1669 308
1670 308
1671 308
1672 450
1673 378
1674 429
1675 880
1676 682
1677 537
1678 303
1679 682
1680 303
1681 880
1682 537
